precision:	0.3	0.3	0.233333333333333	0.175	0.14	0.116666666666667	0.128571428571429	0.1125	0.133333333333333	0.14	0.127272727272727	0.125	0.123076923076923	0.114285714285714	0.106666666666667	0.1	

MAP:	0.200330365514527

NDCG:	0.3	0.3	0.276018753343187	0.253979073833583	0.23995578612454	0.229967521463072	0.240634284764254	0.233977420589019	0.25488131253221	0.264057986829459	0.261148384671894	0.267162678922507	0.272037491979357	0.272037491979357	0.272037491979357	0.272037491979357	