precision:	0.3	0.3	0.266666666666667	0.2	0.16	0.133333333333333	0.128571428571429	0.1125	0.111111111111111	0.1	0.118181818181818	0.116666666666667	0.115384615384615	0.114285714285714	0.106666666666667	0.1	

MAP:	0.204811679809544

NDCG:	0.3	0.3	0.3	0.274130588023634	0.257670538917644	0.245946660022585	0.247016256023706	0.239900719162273	0.245145490394161	0.242102651031168	0.259054878573155	0.265069172823768	0.270895782902308	0.27563370521934	0.27563370521934	0.27563370521934	