precision:	0.2	0.1	0.0666666666666667	0.1	0.12	0.1	0.0857142857142857	0.0875	0.0777777777777778	0.09	0.0818181818181818	0.075	0.0692307692307692	0.0642857142857143	0.06	0.05625	

MAP:	0.114912754389516

NDCG:	0.2	0.1	0.0880093766715934	0.12290909148597	0.141300228310642	0.13480442104253	0.129855660074333	0.133100186697616	0.130449119296245	0.143158766405781	0.141242812177421	0.141242812177421	0.141242812177421	0.141242812177421	0.141242812177421	0.141242812177421	