precision:	0.1	0.1	0.1	0.125	0.14	0.15	0.142857142857143	0.15	0.133333333333333	0.12	0.109090909090909	0.108333333333333	0.107692307692308	0.1	0.1	0.09375	

MAP:	0.123039045640499

NDCG:	0.1	0.1	0.1	0.128109661857217	0.145995125003626	0.163734084639149	0.168973412182283	0.180334381226159	0.178264980306056	0.176521957116283	0.175026379357304	0.188973526639861	0.194800136718401	0.194800136718401	0.207598037958892	0.207598037958892	