precision:	0	0	0.0666666666666667	0.05	0.04	0.05	0.0571428571428571	0.05	0.0444444444444444	0.04	0.0363636363636364	0.0333333333333333	0.0307692307692308	0.0285714285714286	0.0333333333333333	0.03125	

MAP:	0.0309831977008242

NDCG:	0	0	0.0479624933136263	0.0441327608468634	0.0416959994499167	0.0497579491669016	0.0558998589311937	0.0536058662075651	0.0527395184522902	0.0520098076392802	0.0513836890260414	0.0513836890260414	0.0513836890260414	0.0513836890260414	0.0560009035122506	0.0560009035122506	