precision:	0.3	0.25	0.266666666666667	0.2	0.18	0.15	0.157142857142857	0.15	0.144444444444444	0.13	0.118181818181818	0.108333333333333	0.1	0.107142857142857	0.1	0.1	

MAP:	0.163304900215393

NDCG:	0.3	0.25	0.269555864350166	0.237616470026186	0.238828073386501	0.227104194491442	0.236448698738356	0.235925450139631	0.237734587530413	0.233529394828813	0.229921185417928	0.229921185417928	0.229921185417928	0.242958645612613	0.242958645612613	0.249977950334267	