precision:	0.1	0.05	0.1	0.125	0.16	0.15	0.128571428571429	0.125	0.111111111111111	0.1	0.1	0.1	0.1	0.1	0.0933333333333333	0.0875	

MAP:	0.117227514604637

NDCG:	0.1	0.05	0.0859718699852197	0.114081531842437	0.144059194979206	0.151487276875607	0.148871373006057	0.153974393525972	0.152394110919305	0.151063064236636	0.155135403899704	0.16016724226634	0.16599385234488	0.179126329096739	0.179126329096739	0.179126329096739	