precision:	0.4	0.4	0.366666666666667	0.275	0.22	0.2	0.185714285714286	0.1625	0.144444444444444	0.14	0.136363636363636	0.133333333333333	0.138461538461538	0.135714285714286	0.126666666666667	0.11875	

MAP:	0.267842811721209

NDCG:	0.4	0.4	0.4	0.358160890861644	0.331539729483976	0.330677601534543	0.331747197535664	0.324631660674231	0.321019055509567	0.323705216243341	0.327028146401373	0.333042440651986	0.346456586543897	0.351194508860929	0.351194508860929	0.351194508860929	