precision:	0.4	0.3	0.266666666666667	0.2	0.18	0.166666666666667	0.142857142857143	0.125	0.122222222222222	0.11	0.109090909090909	0.1	0.0923076923076923	0.0857142857142857	0.08	0.08125	

MAP:	0.18624488914908

NDCG:	0.4	0.3	0.295574617693353	0.27353493818375	0.271603850465067	0.271964022960678	0.263963508260526	0.257589818355234	0.261114106566491	0.25835355787998	0.264101042364909	0.264101042364909	0.264101042364909	0.264101042364909	0.264101042364909	0.269491297204097	