precision:	0.1	0.05	0.1	0.125	0.1	0.1	0.114285714285714	0.1125	0.1	0.09	0.0818181818181818	0.075	0.0692307692307692	0.0642857142857143	0.06	0.05625	

MAP:	0.0757029502615556

NDCG:	0.1	0.05	0.0859718699852197	0.11104654066863	0.102816516115635	0.109191769351711	0.124049994687399	0.13009137354767	0.127362778774264	0.125064527179158	0.123092543105541	0.123092543105541	0.123092543105541	0.123092543105541	0.123092543105541	0.123092543105541	