precision:	0.3	0.2	0.166666666666667	0.125	0.12	0.116666666666667	0.128571428571429	0.1125	0.1	0.09	0.0909090909090909	0.0916666666666667	0.0846153846153846	0.0785714285714286	0.08	0.075	

MAP:	0.137577252557017

NDCG:	0.3	0.2	0.176018753343187	0.14790909148597	0.142115828329922	0.149041954772501	0.162593458025675	0.159015385472943	0.15744577450174	0.156123716366387	0.165976515913751	0.176578963404889	0.176578963404889	0.176578963404889	0.181196177891098	0.181196177891098	