precision:	0.3	0.2	0.166666666666667	0.125	0.1	0.1	0.114285714285714	0.1125	0.1	0.09	0.0909090909090909	0.0833333333333333	0.0769230769230769	0.0785714285714286	0.0733333333333333	0.06875	

MAP:	0.134645000386222

NDCG:	0.3	0.2	0.176018753343187	0.14790909148597	0.130023628339561	0.137070308814178	0.152440053776901	0.156716873344613	0.15523884676884	0.15399392870021	0.163912917251137	0.163912917251137	0.163912917251137	0.173896062360984	0.173896062360984	0.173896062360984	