precision:	0.1	0.05	0.1	0.125	0.1	0.0833333333333333	0.0857142857142857	0.0875	0.0888888888888889	0.09	0.0818181818181818	0.075	0.0692307692307692	0.0642857142857143	0.06	0.05625	

MAP:	0.0703351291933695

NDCG:	0.1	0.05	0.0859718699852197	0.11104654066863	0.102816516115635	0.0983300184060852	0.103186936580357	0.109228315440628	0.115357097063773	0.121510930548361	0.119538946474745	0.119538946474745	0.119538946474745	0.119538946474745	0.119538946474745	0.119538946474745	