precision:	0.3	0.2	0.166666666666667	0.125	0.1	0.116666666666667	0.114285714285714	0.1125	0.1	0.09	0.0909090909090909	0.0833333333333333	0.0769230769230769	0.0785714285714286	0.0733333333333333	0.075	

MAP:	0.135085441988205

NDCG:	0.3	0.2	0.176018753343187	0.14790909148597	0.130023628339561	0.146867872764753	0.153151970054451	0.157377624153361	0.155857517196918	0.154577155498866	0.164465732117138	0.164465732117138	0.164465732117138	0.174448877226985	0.174448877226985	0.178958615190505	