precision:	0	0.05	0.1	0.125	0.1	0.0833333333333333	0.0857142857142857	0.1	0.1	0.09	0.0818181818181818	0.075	0.0692307692307692	0.0642857142857143	0.06	0.05625	

MAP:	0.0672358704077532

NDCG:	0	0.05	0.0859718699852197	0.11104654066863	0.102816516115635	0.0983300184060852	0.104913335495981	0.118736438998045	0.124896629366396	0.122624832853397	0.120675548209509	0.120675548209509	0.120675548209509	0.120675548209509	0.120675548209509	0.120675548209509	