precision:	0.1	0.1	0.166666666666667	0.15	0.14	0.133333333333333	0.128571428571429	0.1125	0.1	0.09	0.0818181818181818	0.075	0.0692307692307692	0.0714285714285714	0.0666666666666667	0.06875	

MAP:	0.101263596513745

NDCG:	0.1	0.1	0.147962493313626	0.150202743194477	0.151628157234896	0.158003410470971	0.162860328645243	0.159542634543309	0.156814039769903	0.154515788174797	0.15254380410118	0.15254380410118	0.15254380410118	0.157281726418212	0.157281726418212	0.161791464381731	