precision:	0.3	0.3	0.233333333333333	0.175	0.14	0.15	0.142857142857143	0.1375	0.122222222222222	0.12	0.118181818181818	0.116666666666667	0.107692307692308	0.107142857142857	0.106666666666667	0.10625	

MAP:	0.182743700128858

NDCG:	0.3	0.3	0.252037506686374	0.217857862481543	0.196110223897769	0.215110054963068	0.21838276174712	0.220989996278182	0.218670039691819	0.222444977581493	0.226702118430697	0.240649265713254	0.240649265713254	0.245387188030286	0.258185089270776	0.262694827234296	