precision:	0.2	0.15	0.2	0.15	0.14	0.116666666666667	0.114285714285714	0.125	0.111111111111111	0.1	0.1	0.1	0.1	0.0928571428571429	0.0866666666666667	0.0875	

MAP:	0.157899490563615

NDCG:	0.2	0.15	0.18597186998522	0.166172440356467	0.165666766678203	0.164482025651116	0.17185435167575	0.184914595253713	0.183376393027715	0.182080789974469	0.186183541570192	0.192197835820805	0.197072648877655	0.197072648877655	0.197072648877655	0.201582386841174	