precision:	0.3	0.2	0.166666666666667	0.125	0.14	0.116666666666667	0.114285714285714	0.1	0.0888888888888889	0.09	0.0909090909090909	0.0916666666666667	0.0846153846153846	0.0857142857142857	0.0866666666666667	0.08125	

MAP:	0.139943311125807

NDCG:	0.3	0.2	0.176018753343187	0.14790909148597	0.154208028320282	0.150272403817236	0.155548998824617	0.152565644461428	0.151485151803662	0.156304070272181	0.166211626258584	0.176814073749721	0.176814073749721	0.181551996066753	0.186169210552962	0.186169210552962	