precision:	0	0.1	0.166666666666667	0.175	0.16	0.133333333333333	0.128571428571429	0.1125	0.1	0.09	0.0818181818181818	0.0833333333333333	0.0769230769230769	0.0714285714285714	0.0666666666666667	0.0625	

MAP:	0.102440448238884

NDCG:	0	0.1	0.147962493313626	0.162342707889704	0.16367782034357	0.160206591876388	0.165836982013646	0.163135482072622	0.160913668248635	0.159042270115511	0.157436541951643	0.163450836202256	0.163450836202256	0.163450836202256	0.163450836202256	0.163450836202256	